기간	자치구	총이동	총이동	총이동	총이동	총이동	총이동	시ㆍ도내이동	시ㆍ도내이동	시ㆍ도내이동	시ㆍ도내이동	시ㆍ도내이동	시ㆍ도내이동	시ㆍ도내이동	시ㆍ도내이동	시ㆍ도내이동	시ㆍ도간이동	시ㆍ도간이동	시ㆍ도간이동	시ㆍ도간이동	시ㆍ도간이동	시ㆍ도간이동	순이동	순이동	순이동
기간	자치구	총전입(①+②+④)	총전입(①+②+④)	총전입(①+②+④)	총전출(①+③+⑤)	총전출(①+③+⑤)	총전출(①+③+⑤)	구내이동(①)	구내이동(①)	구내이동(①)	구간이동	구간이동	구간이동	구간이동	구간이동	구간이동	전입(④)	전입(④)	전입(④)	전출(⑤)	전출(⑤)	전출(⑤)	순이동	순이동	순이동
기간	자치구	총전입(①+②+④)	총전입(①+②+④)	총전입(①+②+④)	총전출(①+③+⑤)	총전출(①+③+⑤)	총전출(①+③+⑤)	구내이동(①)	구내이동(①)	구내이동(①)	전입(②)	전입(②)	전입(②)	전출(③)	전출(③)	전출(③)	전입(④)	전입(④)	전입(④)	전출(⑤)	전출(⑤)	전출(⑤)	순이동	순이동	순이동
기간	자치구	소계	남자	여자	소계	남자	여자	소계	남자	여자	계	남자	여자	계	남자	여자	계	남자	여자	계	남자	여자	계	남자	여자
2019	서울특별시	1,426,493	702,276	724,217	1,476,081	735,838	740,243	406,796	197,732	209,064	543,831	267,680	276,151	543,831	267,680	276,151	475,866	236,864	239,002	525,454	270,426	255,028	-49,588	-33,562	-16,026
2019	종로구	22,271	11,112	11,159	23,945	12,052	11,893	3,443	1,700	1,743	10,560	5,358	5,202	12,982	6,463	6,519	8,268	4,054	4,214	7,520	3,889	3,631	-1,674	-940	-734
2019	중구	19,623	9,875	9,748	19,384	9,951	9,433	3,191	1,611	1,580	9,912	4,936	4,976	10,464	5,366	5,098	6,520	3,328	3,192	5,729	2,974	2,755	239	-76	315
2019	용산구	35,099	17,387	17,712	35,673	17,729	17,944	6,998	3,407	3,591	15,746	7,849	7,897	16,435	8,132	8,303	12,355	6,131	6,224	12,240	6,190	6,050	-574	-342	-232
2019	성동구	39,922	19,803	20,119	48,102	24,223	23,879	8,737	4,253	4,484	17,927	8,788	9,139	24,606	12,205	12,401	13,258	6,762	6,496	14,759	7,765	6,994	-8,180	-4,420	-3,760
2019	광진구	52,191	25,044	27,147	57,088	27,855	29,233	14,861	6,968	7,893	19,378	9,401	9,977	22,499	10,883	11,616	17,952	8,675	9,277	19,728	10,004	9,724	-4,897	-2,811	-2,086
2019	동대문구	51,660	26,424	25,236	53,660	27,758	25,902	14,093	7,122	6,971	20,655	10,494	10,161	22,474	11,486	10,988	16,912	8,808	8,104	17,093	9,150	7,943	-2,000	-1,334	-666
2019	중랑구	49,446	24,974	24,472	55,932	28,388	27,544	18,412	9,233	9,179	17,726	8,897	8,829	17,050	8,469	8,581	13,308	6,844	6,464	20,470	10,686	9,784	-6,486	-3,414	-3,072
2019	성북구	67,841	32,887	34,954	61,169	30,262	30,907	18,649	8,924	9,725	30,436	14,944	15,492	24,257	11,909	12,348	18,756	9,019	9,737	18,263	9,429	8,834	6,672	2,625	4,047
2019	강북구	38,046	18,657	19,389	42,622	21,047	21,575	12,253	6,001	6,252	15,927	7,835	8,092	17,706	8,558	9,148	9,866	4,821	5,045	12,663	6,488	6,175	-4,576	-2,390	-2,186
2019	도봉구	35,445	17,476	17,969	41,225	20,368	20,857	11,370	5,457	5,913	14,573	7,263	7,310	15,080	7,256	7,824	9,502	4,756	4,746	14,775	7,655	7,120	-5,780	-2,892	-2,888
2019	노원구	57,183	28,303	28,880	68,095	34,187	33,908	18,216	8,778	9,438	20,083	9,889	10,194	23,167	11,446	11,721	18,884	9,636	9,248	26,712	13,963	12,749	-10,912	-5,884	-5,028
2019	은평구	69,399	33,334	36,065	72,721	35,507	37,214	27,569	13,085	14,484	22,588	10,881	11,707	17,515	8,463	9,052	19,242	9,368	9,874	27,637	13,959	13,678	-3,322	-2,173	-1,149
2019	서대문구	45,729	22,140	23,589	46,677	22,923	23,754	10,070	4,852	5,218	19,646	9,650	9,996	20,288	9,829	10,459	16,013	7,638	8,375	16,319	8,242	8,077	-948	-783	-165
2019	마포구	57,766	27,052	30,714	59,573	28,681	30,892	13,553	6,388	7,165	23,286	10,959	12,327	25,731	12,261	13,470	20,927	9,705	11,222	20,289	10,032	10,257	-1,807	-1,629	-178
2019	양천구	50,256	24,743	25,513	56,733	28,396	28,337	14,024	6,692	7,332	21,068	10,348	10,720	22,060	10,937	11,123	15,164	7,703	7,461	20,649	10,767	9,882	-6,477	-3,653	-2,824
2019	강서구	78,518	38,162	40,356	85,057	42,241	42,816	24,729	11,709	13,020	26,068	12,891	13,177	25,354	12,559	12,795	27,721	13,562	14,159	34,974	17,973	17,001	-6,539	-4,079	-2,460
2019	구로구	54,791	27,225	27,566	53,666	26,958	26,708	12,486	6,057	6,429	20,568	10,243	10,325	17,069	8,509	8,560	21,737	10,925	10,812	24,111	12,392	11,719	1,125	267	858
2019	금천구	32,416	17,025	15,391	33,728	17,760	15,968	8,757	4,446	4,311	10,559	5,531	5,028	9,172	4,731	4,441	13,100	7,048	6,052	15,799	8,583	7,216	-1,312	-735	-577
2019	영등포구	56,874	28,605	28,269	58,253	29,844	28,409	11,478	5,905	5,573	23,115	11,472	11,643	25,229	12,731	12,498	22,281	11,228	11,053	21,546	11,208	10,338	-1,379	-1,239	-140
2019	동작구	61,168	30,066	31,102	62,047	30,810	31,237	13,135	6,316	6,819	25,706	12,537	13,169	26,513	12,965	13,548	22,327	11,213	11,114	22,399	11,529	10,870	-879	-744	-135
2019	관악구	93,583	47,916	45,667	95,788	49,013	46,775	26,502	13,419	13,083	27,024	13,804	13,220	33,368	16,527	16,841	40,057	20,693	19,364	35,918	19,067	16,851	-2,205	-1,097	-1,108
2019	서초구	63,335	30,375	32,960	67,634	32,769	34,865	16,198	7,678	8,520	26,537	12,635	13,902	29,655	14,256	15,399	20,600	10,062	10,538	21,781	10,835	10,946	-4,299	-2,394	-1,905
2019	강남구	95,557	46,585	48,972	93,716	45,873	47,843	25,921	12,478	13,443	37,000	18,008	18,992	37,362	18,218	19,144	32,636	16,099	16,537	30,433	15,177	15,256	1,841	712	1,129
2019	송파구	123,273	59,829	63,444	116,301	57,303	58,998	44,397	21,494	22,903	41,824	20,219	21,605	32,620	15,952	16,668	37,052	18,116	18,936	39,284	19,857	19,427	6,972	2,526	4,446
2019	강동구	75,101	37,277	37,824	67,292	33,940	33,352	27,754	13,759	13,995	25,919	12,848	13,071	15,175	7,569	7,606	21,428	10,670	10,758	24,363	12,612	11,751	7,809	3,337	4,472
2020	서울특별시	1,578,127	769,349	808,778	1,642,977	810,728	832,249	444,682	215,633	229,049	623,431	303,371	320,060	623,431	303,371	320,060	510,014	250,345	259,669	574,864	291,724	283,140	-64,850	-41,379	-23,471
2020	종로구	23,632	11,752	11,880	25,254	12,642	12,612	3,355	1,649	1,706	11,704	5,776	5,928	13,881	6,863	7,018	8,573	4,327	4,246	8,018	4,130	3,888	-1,622	-890	-732
2020	중구	20,777	10,247	10,530	21,733	10,901	10,832	3,290	1,645	1,645	10,760	5,334	5,426	11,997	5,977	6,020	6,727	3,268	3,459	6,446	3,279	3,167	-956	-654	-302
2020	용산구	40,282	19,555	20,727	38,985	19,194	19,791	7,599	3,662	3,937	19,374	9,489	9,885	18,523	9,211	9,312	13,309	6,404	6,905	12,863	6,321	6,542	1,297	361	936
2020	성동구	45,153	22,186	22,967	53,096	26,310	26,786	10,312	4,994	5,318	20,969	10,274	10,695	26,826	13,189	13,637	13,872	6,918	6,954	15,958	8,127	7,831	-7,943	-4,124	-3,819
2020	광진구	55,926	26,691	29,235	60,703	29,594	31,109	15,474	7,380	8,094	21,585	10,341	11,244	24,944	11,970	12,974	18,867	8,970	9,897	20,285	10,244	10,041	-4,777	-2,903	-1,874
2020	동대문구	54,908	27,425	27,483	58,135	29,502	28,633	14,233	7,102	7,131	22,290	11,174	11,116	24,953	12,521	12,432	18,385	9,149	9,236	18,949	9,879	9,070	-3,227	-2,077	-1,150
2020	중랑구	60,214	29,646	30,568	62,212	31,129	31,083	22,003	10,874	11,129	23,717	11,612	12,105	18,719	9,167	9,552	14,494	7,160	7,334	21,490	11,088	10,402	-1,998	-1,483	-515
2020	성북구	62,953	29,851	33,102	68,231	33,197	35,034	17,857	8,407	9,450	26,351	12,707	13,644	29,471	14,209	15,262	18,745	8,737	10,008	20,903	10,581	10,322	-5,278	-3,346	-1,932
2020	강북구	41,625	20,527	21,098	46,656	23,010	23,646	13,264	6,598	6,666	18,126	8,985	9,141	18,992	9,118	9,874	10,235	4,944	5,291	14,400	7,294	7,106	-5,031	-2,483	-2,548
2020	도봉구	40,435	19,894	20,541	47,892	23,895	23,997	13,305	6,506	6,799	17,053	8,339	8,714	17,260	8,430	8,830	10,077	5,049	5,028	17,327	8,959	8,368	-7,457	-4,001	-3,456
2020	노원구	68,176	33,170	35,006	77,707	38,453	39,254	23,390	11,248	12,142	24,801	11,938	12,863	25,592	12,472	13,120	19,985	9,984	10,001	28,725	14,733	13,992	-9,531	-5,283	-4,248
2020	은평구	76,364	36,139	40,225	76,165	36,984	39,181	27,771	13,173	14,598	27,369	12,894	14,475	19,373	9,298	10,075	21,224	10,072	11,152	29,021	14,513	14,508	199	-845	1,044
2020	서대문구	56,504	26,904	29,600	53,579	26,011	27,568	12,499	5,976	6,523	25,780	12,425	13,355	23,620	11,335	12,285	18,225	8,503	9,722	17,460	8,700	8,760	2,925	893	2,032
2020	마포구	66,215	30,654	35,561	68,667	32,459	36,208	15,705	7,284	8,421	27,864	13,064	14,800	30,927	14,400	16,527	22,646	10,306	12,340	22,035	10,775	11,260	-2,452	-1,805	-647
2020	양천구	64,081	31,599	32,482	68,021	33,900	34,121	19,084	9,290	9,794	27,259	13,275	13,984	25,827	12,716	13,111	17,738	9,034	8,704	23,110	11,894	11,216	-3,940	-2,301	-1,639
2020	강서구	87,198	41,984	45,214	99,573	48,749	50,824	27,937	13,280	14,657	29,883	14,527	15,356	29,855	14,490	15,365	29,378	14,177	15,201	41,781	20,979	20,802	-12,375	-6,765	-5,610
2020	구로구	60,885	30,391	30,494	64,024	31,984	32,040	14,660	7,164	7,496	20,745	10,468	10,277	21,172	10,428	10,744	25,480	12,759	12,721	28,192	14,392	13,800	-3,139	-1,593	-1,546
2020	금천구	35,753	18,315	17,438	36,963	19,241	17,722	9,476	4,762	4,714	11,899	6,011	5,888	10,542	5,432	5,110	14,378	7,542	6,836	16,945	9,047	7,898	-1,210	-926	-284
2020	영등포구	79,309	39,400	39,909	68,526	34,518	34,008	17,224	8,662	8,562	36,063	17,805	18,258	28,497	14,149	14,348	26,022	12,933	13,089	22,805	11,707	11,098	10,783	4,882	5,901
2020	동작구	64,496	31,424	33,072	69,650	34,347	35,303	13,784	6,647	7,137	27,698	13,286	14,412	32,236	15,659	16,577	23,014	11,491	11,523	23,630	12,041	11,589	-5,154	-2,923	-2,231
2020	관악구	98,301	50,052	48,249	103,226	52,372	50,854	27,197	13,703	13,494	29,962	15,066	14,896	37,731	18,498	19,233	41,142	21,283	19,859	38,298	20,171	18,127	-4,925	-2,320	-2,605
2020	서초구	71,250	34,107	37,143	77,669	37,161	40,508	19,374	9,206	10,168	30,117	14,441	15,676	34,269	16,184	18,085	21,759	10,460	11,299	24,026	11,771	12,255	-6,419	-3,054	-3,365
2020	강남구	95,325	46,031	49,294	101,582	48,993	52,589	26,024	12,375	13,649	36,333	17,707	18,626	42,554	20,442	22,112	32,968	15,949	17,019	33,004	16,176	16,828	-6,257	-2,962	-3,295
2020	송파구	106,928	51,533	55,395	116,457	57,002	59,455	35,767	17,238	18,529	36,313	17,362	18,951	38,141	18,474	19,667	34,848	16,933	17,915	42,549	21,290	21,259	-9,529	-5,469	-4,060
2020	강동구	101,437	49,872	51,565	78,271	39,180	39,091	34,098	16,808	17,290	39,416	19,071	20,345	17,529	8,739	8,790	27,923	13,993	13,930	26,644	13,633	13,011	23,166	10,692	12,474
2021	서울특별시	1,418,187	693,363	724,824	1,524,430	752,085	772,345	387,416	187,651	199,765	569,648	277,594	292,054	569,648	277,594	292,054	461,123	228,118	233,005	567,366	286,840	280,526	-106,243	-58,722	-47,521
2021	종로구	22,204	10,792	11,412	24,428	12,121	12,307	3,223	1,557	1,666	11,004	5,357	5,647	13,008	6,380	6,628	7,977	3,878	4,099	8,197	4,184	4,013	-2,224	-1,329	-895
2021	중구	19,917	9,753	10,164	21,126	10,591	10,535	3,015	1,547	1,468	10,378	5,078	5,300	11,274	5,566	5,708	6,524	3,128	3,396	6,837	3,478	3,359	-1,209	-838	-371
2021	용산구	36,011	17,381	18,630	39,572	19,435	20,137	7,113	3,436	3,677	16,799	8,094	8,705	18,922	9,287	9,635	12,099	5,851	6,248	13,537	6,712	6,825	-3,561	-2,054	-1,507
2021	성동구	39,831	19,585	20,246	46,075	22,988	23,087	7,867	3,819	4,048	19,106	9,332	9,774	22,939	11,298	11,641	12,858	6,434	6,424	15,269	7,871	7,398	-6,244	-3,403	-2,841
2021	광진구	51,522	24,847	26,675	56,750	27,405	29,345	13,736	6,548	7,188	20,048	9,642	10,406	22,708	10,751	11,957	17,738	8,657	9,081	20,306	10,106	10,200	-5,228	-2,558	-2,670
2021	동대문구	48,955	24,492	24,463	51,031	25,922	25,109	10,881	5,469	5,412	20,389	10,213	10,176	21,435	10,824	10,611	17,685	8,810	8,875	18,715	9,629	9,086	-2,076	-1,430	-646
2021	중랑구	52,867	26,090	26,777	57,957	28,986	28,971	19,004	9,406	9,598	20,585	10,083	10,502	17,493	8,655	8,838	13,278	6,601	6,677	21,460	10,925	10,535	-5,090	-2,896	-2,194
2021	성북구	59,054	28,630	30,424	62,394	30,409	31,985	15,232	7,259	7,973	26,196	12,969	13,227	26,356	12,749	13,607	17,626	8,402	9,224	20,806	10,401	10,405	-3,340	-1,779	-1,561
2021	강북구	37,057	18,326	18,731	42,961	21,288	21,673	12,081	5,991	6,090	15,985	7,839	8,146	17,098	8,374	8,724	8,991	4,496	4,495	13,782	6,923	6,859	-5,904	-2,962	-2,942
2021	도봉구	36,895	18,208	18,687	42,682	21,259	21,423	11,844	5,742	6,102	15,678	7,738	7,940	15,237	7,471	7,766	9,373	4,728	4,645	15,601	8,046	7,555	-5,787	-3,051	-2,736
2021	노원구	58,736	28,763	29,973	68,473	33,973	34,500	18,539	8,866	9,673	22,295	10,835	11,460	22,981	11,172	11,809	17,902	9,062	8,840	26,953	13,935	13,018	-9,737	-5,210	-4,527
2021	은평구	63,269	30,016	33,253	66,951	32,416	34,535	22,712	10,626	12,086	22,585	10,694	11,891	17,449	8,472	8,977	17,972	8,696	9,276	26,790	13,318	13,472	-3,682	-2,400	-1,282
2021	서대문구	42,484	20,134	22,350	47,061	22,507	24,554	8,262	3,866	4,396	18,595	8,895	9,700	21,779	10,357	11,422	15,627	7,373	8,254	17,020	8,284	8,736	-4,577	-2,373	-2,204
2021	마포구	61,543	28,849	32,694	62,124	29,357	32,767	13,751	6,399	7,352	26,924	12,777	14,147	26,899	12,616	14,283	20,868	9,673	11,195	21,474	10,342	11,132	-581	-508	-73
2021	양천구	54,952	27,139	27,813	60,442	30,048	30,394	15,867	7,732	8,135	23,326	11,400	11,926	22,780	11,094	11,686	15,759	8,007	7,752	21,795	11,222	10,573	-5,490	-2,909	-2,581
2021	강서구	87,269	41,993	45,276	91,368	44,848	46,520	28,004	13,255	14,749	31,430	15,091	16,339	25,250	12,261	12,989	27,835	13,647	14,188	38,114	19,332	18,782	-4,099	-2,855	-1,244
2021	구로구	48,170	23,910	24,260	54,880	27,540	27,340	11,292	5,544	5,748	18,189	9,002	9,187	17,645	8,721	8,924	18,689	9,364	9,325	25,943	13,275	12,668	-6,710	-3,630	-3,080
2021	금천구	35,663	18,407	17,256	35,047	18,306	16,741	8,884	4,548	4,336	12,626	6,451	6,175	9,594	4,921	4,673	14,153	7,408	6,745	16,569	8,837	7,732	616	101	515
2021	영등포구	60,565	30,065	30,500	61,108	30,800	30,308	11,395	5,802	5,593	26,801	13,135	13,666	26,255	13,045	13,210	22,369	11,128	11,241	23,458	11,953	11,505	-543	-735	192
2021	동작구	64,257	31,601	32,656	68,311	33,562	34,749	13,934	6,667	7,267	28,111	13,717	14,394	29,136	14,074	15,062	22,212	11,217	10,995	25,241	12,821	12,420	-4,054	-1,961	-2,093
2021	관악구	89,756	46,084	43,672	95,711	48,726	46,985	23,003	11,619	11,384	28,513	14,380	14,133	34,274	16,990	17,284	38,240	20,085	18,155	38,434	20,117	18,317	-5,955	-2,642	-3,313
2021	서초구	70,064	33,483	36,581	81,777	39,335	42,442	21,088	10,004	11,084	29,154	13,928	15,226	35,450	16,938	18,512	19,822	9,551	10,271	25,239	12,393	12,846	-11,713	-5,852	-5,861
2021	강남구	94,082	45,864	48,218	98,106	47,889	50,217	25,525	12,316	13,209	37,476	18,334	19,142	39,174	19,125	20,049	31,081	15,214	15,867	33,407	16,448	16,959	-4,024	-2,025	-1,999
2021	송파구	105,181	50,901	54,280	113,651	55,405	58,246	33,451	16,057	17,394	38,244	18,568	19,676	36,374	17,586	18,788	33,486	16,276	17,210	43,826	21,762	22,064	-8,470	-4,504	-3,966
2021	강동구	77,883	38,050	39,833	74,444	36,969	37,475	27,713	13,576	14,137	29,211	14,042	15,169	18,138	8,867	9,271	20,959	10,432	10,527	28,593	14,526	14,067	3,439	1,081	2,358